        EX Pool Final: 2924
          1:               3       3       7      11       3       3       4       8       3       8       2       5
          2:       5               4      49      23       8      14      13      49       2      11       4      15
          3:       2       4               9       7       4       2       3       7       2       6       2       6
          4:       8      53      17              85      25      57      70     131       9      93       9      36
          5:      13      22       9      64              10      30      24      82      12      36      12      39
          6:       2       6       4      13       8               1       5       8       2       5       3       5
          7:       3       8       3      33      25       1               9      16       1      18       1      11
          8:       6      12       4      38      20       5      12              36       2      40       2      23
          9:      22      65      15     128     101      15      27      62              12      55      10      80
         10:       3       2       2       5       8       2       1       3       6               7       3       4
         11:       9      15      16      65      33      15      18      45      42       8               7      17
         12:       2       4       2       6       9       3       0       2       5       3       7               4
         13:       8      19       8      35      37       7      12      24      53       5      15       6        ```
